0.02 4 2880
0.021 1 1440
0.022 1 1440
0.023 1 1440
0.024 1 1440
0.025 1 1440
0.026 1 1440
0.027 1 1440
0.028 1 1440
0.029 0 0
0.03 0 0
0.031 0 0
0.032 0 0
0.033 0 0
0.034 0 0
0.035 0 0
0.036 0 0
0.037 0 0
0.038 0 0
0.039 0 0
0.04 2 1440
0.041 1 1440
0.042 2 1440
0.043 1 1440
0.044 2 1440
0.045 1 1440
0.046 2 1440
0.047 1 1440
0.048 2 1440
0.049 1 1440
0.05 1 1440
0.051 1 1440
0.052 1 1440
0.053 1 1440
0.054 0 0
0.055 0 0
0.056 0 0
0.057 0 0
0.058 0 0
0.059 0 0
0.06 0 0
0.061 2 1440
0.062 1 1440
0.063 2 1440
0.064 1 1440
0.065 2 1440
0.066 1 1440
0.067 2 1440
0.068 1 1440
0.069 2 1440
0.07 1 1440
0.071 2 1440
0.072 1 1440
0.073 2 1440
0.074 1 1440
0.075 1 1440
0.076 1 1440
0.077 1 1440
0.078 1 1440
0.079 1 1440
0.08 1 1440
0.081 1 1440
0.082 2 1440
0.083 1 1440
0.084 2 1440
0.085 1 1440
0.086 2 1440
0.087 1 1440
0.0880000000000001 2 1440
0.0890000000000001 1 1440
0.0900000000000001 2 1440
0.0910000000000001 1 1440
0.0920000000000001 2 1440
0.0930000000000001 1 1440
0.0940000000000001 2 1440
0.0950000000000001 1 1440
0.0960000000000001 2 1440
0.0970000000000001 1 1440
0.0980000000000001 2 1440
0.0990000000000001 1 1440
0.1 2 1440
0.101 1 1440
0.102 2 1440
0.103 1 1440
0.104 2 1440
0.105 1 1440
0.106 2 1440
0.107 1 1440
0.108 2 1440
0.109 1 1440
0.11 2 1440
0.111 1 1440
0.112 2 1440
0.113 1 1440
0.114 2 1440
0.115 1 1440
0.116 2 1440
0.117 1 1440
0.118 2 1440
0.119 1 1440
0.12 2 1440
0.121 1 1440
0.122 2 1440
0.123 1 1440
0.124 2 1440
0.125 1 1440
0.126 2 1440
0.127 1 1440
0.128 2 1440
0.129 1 1440
0.13 2 1440
0.131 1 1440
0.132 2 1440
0.133 1 1440
0.134 2 1440
0.135 1 1440
0.136 2 1440
0.137 0 0
0.138 1 0
0.139 0 0
0.14 1 0
0.141 0 0
0.142 1 0
0.143 0 0
0.144 1 0
0.145 0 0
0.146 1 0
0.147 0 0
0.148 1 0
0.149 0 0
0.15 1 0
0.151 0 0
0.152 1 0
0.153 0 0
0.154 1 0
0.155 0 0
0.156 1 0
