1 40.26999999999998 0
2 41.2800000000002 0
3 40.70699999999988 0
4 41.60199999999986 0
5 43.75700000000006 0
6 43.84999999999991 0
7 46.68199999999979 0
8 45.82699999999977 0
9 47.46199999999999 0
10 48.45400000000018 0
11 58.34699999999975 0
12 57.67599999999993 0
13 62.835000000000036 0
14 60.534000000000106 0
15 63.059999999999945 0
16 63.05099999999993 0
17 64.971 0
18 64.13400000000001 0
19 76.69399999999996 0
20 67.62199999999984 0
21 78.42000000000007 0
22 79.80600000000004 0
23 79.54199999999992 0
24 81.9739999999997 0
25 83.2510000000002 0
26 88.88400000000001 0
27 84.02099999999973 0
28 87.14200000000028 0
29 97.06100000000015 0
30 100.77799999999979 0
40 121.41499999999996 0
60 143.35199999999986 0
80 198.50099999999975 0
100 254.55599999999959 0
