1 198.50199999999995 0
2 199.67599999999993 0
3 199.1800000000003 0
4 199.01699999999983 0
5 199.779 0
6 198.76299999999992 0
7 199.337 0
8 199.3420000000001 0
9 199.625 0
10 208.71099999999979 0
11 210.48700000000008 0
12 297.6959999999999 0
13 306.3130000000001 0
14 305.50199999999995 0
15 313.442 0
16 312.13200000000006 0
17 320.0039999999999 0
18 319.576 0
19 327.82199999999966 0
20 327.288 0
21 332.6680000000001 0
22 332.40700000000015 0
23 340.817 0
24 339.9949999999999 0
25 398.1089999999999 0
26 398.12800000000016 0
27 404.5569999999998 0
28 403.98799999999983 0
29 411.6170000000002 0
30 410.62999999999965 0
40 442.279 0
60 537.6279999999997 0
80 793.366 0
100 639.585 0
