1 198.52199999999993 0
2 200.42299999999977 0
3 198.8989999999999 0
4 199.19800000000032 0
5 198.94600000000037 0
6 200.10699999999997 0
7 200.48599999999988 0
8 199.18899999999985 0
9 199.38099999999986 0
10 209.846 0
11 209.67800000000034 0
12 297.1489999999999 0
13 305.70700000000033 0
14 306.80200000000013 0
15 312.7040000000002 0
16 312.24900000000025 0
17 321.424 0
18 318.59000000000015 0
19 325.80999999999995 0
20 327.6959999999999 0
21 334.3620000000001 0
22 333.17700000000013 0
23 340.9269999999997 0
24 341.45899999999983 0
25 396.5859999999998 0
26 396.77 0
27 403.1089999999999 0
28 404.46399999999994 0
29 413.4870000000001 0
30 411.134 0
40 432.95600000000013 0
60 538.6659999999997 0
80 616.3319999999999 0
100 796.002 0
