1 800.194 0
2 799.6660000000002 0
3 800.7829999999999 0
4 798.3969999999999 0
5 798.7889999999998 0
6 798.8299999999999 0
7 799.4650000000001 0
8 798.9230000000002 0
9 799.1440000000002 0
10 809.7220000000002 0
11 810.2599999999998 0
12 1226.4649999999997 0
13 1228.0620000000004 0
14 1256.3890000000001 0
15 1255.42 0
16 1283.6260000000002 0
17 1283.1180000000004 0
18 1313.002 0
19 1312.2399999999998 0
20 1341.9320000000002 0
21 1341.1460000000002 0
22 1369.9250000000002 0
23 1369.4190000000003 0
24 1598.8360000000002 0
25 1625.315 0
26 1625.5530000000003 0
27 1652.9549999999995 0
28 1656.563 0
29 1682.2640000000001 0
30 1689.2299999999996 0
40 1768.516 0
60 2167.6569999999997 0
80 2463.733 0
100 2578.2630000000004 0
