1 39.31899999999996 0
2 38.46600000000035 0
3 41.628999999999905 0
4 41.98999999999978 0
5 43.92100000000028 0
6 44.736999999999625 0
7 45.09400000000005 0
8 44.1880000000001 0
9 45.846000000000004 0
10 48.496999999999844 0
11 59.496000000000095 0
12 58.44200000000001 0
13 59.38499999999976 0
14 61.722999999999956 0
15 61.54200000000037 0
16 65.00199999999995 0
17 65.10200000000032 0
18 66.35500000000002 0
19 81.92099999999982 0
20 77.08300000000008 0
21 77.58699999999999 0
22 80.70299999999997 0
23 80.68299999999999 0
24 81.28800000000001 0
25 82.01200000000017 0
26 84.46699999999964 0
27 85.5 0
28 84.6260000000002 0
29 96.18200000000024 0
30 87.10899999999992 0
40 118.13599999999997 0
60 158.46900000000005 0
80 195.0569999999998 0
100 239.3130000000001 0
