1 38.32500000000027 0
2 38.7800000000002 0
3 38.27800000000025 0
4 38.702999999999975 0
5 40.335000000000036 0
6 39.302999999999884 0
7 39.51499999999987 0
8 39.50500000000011 0
9 39.682000000000244 0
10 40.159999999999854 0
11 58.15099999999984 0
12 59.914999999999964 0
13 59.70499999999993 0
14 60.922000000000025 0
15 61.452999999999975 0
16 77.19299999999976 0
17 75.91199999999981 0
18 79.1590000000001 0
19 63.44999999999982 0
20 77.97600000000011 0
21 78.54999999999973 0
22 78.71399999999994 0
23 80.95699999999988 0
24 78.58600000000024 0
25 81.63099999999986 0
26 81.03600000000006 0
27 80.07799999999997 0
28 80.21500000000015 0
29 99.69700000000012 0
30 81.49699999999984 0
40 103.05500000000029 0
60 122.21299999999974 0
80 153.9459999999999 0
100 137.21600000000035 0
