1 38.177000000000135 0
2 41.26200000000017 0
3 40.391000000000076 0
4 42.60400000000027 0
5 41.65599999999995 0
6 44.48099999999977 0
7 46.028999999999996 0
8 42.22600000000011 0
9 46.04899999999998 0
10 44.4970000000003 0
11 58.13500000000022 0
12 59.422000000000025 0
13 59.784999999999854 0
14 60.771999999999935 0
15 61.628000000000156 0
16 65.23599999999988 0
17 63.121999999999844 0
18 66.25800000000027 0
19 65.1289999999999 0
20 79.26199999999972 0
21 78.45899999999983 0
22 116.71199999999999 0
23 82.25199999999995 0
24 80.13400000000001 0
25 82.83699999999999 0
26 86.25700000000006 0
27 88.02399999999989 0
28 86.77199999999993 0
29 96.07999999999993 0
30 98.80299999999988 0
40 117.02399999999989 0
60 177.64800000000014 0
80 199.77700000000004 0
100 246.23199999999997 0
