1 398.11400000000003 0
2 398.47800000000007 0
3 400.56500000000005 0
4 398.8159999999998 0
5 398.57000000000016 0
6 398.75800000000027 0
7 398.74400000000014 0
8 399.01800000000003 0
9 398.89999999999964 0
10 409.5459999999998 0
11 409.80600000000004 0
12 598.7570000000001 0
13 611.9749999999999 0
14 613.0360000000001 0
15 627.2200000000003 0
16 629.3510000000001 0
17 639.0320000000002 0
18 639.2540000000004 0
19 654.4079999999999 0
20 655.2510000000002 0
21 669.8090000000002 0
22 669.473 0
23 683.3269999999998 0
24 683.73 0
25 797.469 0
26 797.9679999999998 0
27 811.576 0
28 811.4140000000002 0
29 824.703 0
30 824.7600000000002 0
40 881.8119999999999 0
60 1081.4380000000006 0
80 1098.0800000000004 0
100 1282.9359999999997 0
