1 400.2489999999998 0
2 398.4200000000001 0
3 398.6300000000001 0
4 398.70600000000013 0
5 398.4079999999999 0
6 400.7619999999997 0
7 399.6500000000001 0
8 400.1350000000002 0
9 398.69799999999987 0
10 399.3040000000001 0
11 410.4249999999997 0
12 599.2350000000001 0
13 612.0939999999996 0
14 612.1629999999996 0
15 626.4360000000001 0
16 625.8999999999996 0
17 641.02 0
18 640.8530000000001 0
19 655.1579999999999 0
20 655.9900000000002 0
21 669.6010000000001 0
22 669.4080000000004 0
23 684.2629999999999 0
24 685.1460000000002 0
25 798.6749999999997 0
26 798.3909999999996 0
27 811.8020000000001 0
28 812.5840000000003 0
29 827.433 0
30 827.2660000000001 0
40 883.8149999999996 0
60 1079.255 0
80 1198.2029999999995 0
100 1283.23 0
