1 800.1509999999998 0
2 799.48 0
3 799.346 0
4 799.8179999999998 0
5 799.3760000000002 0
6 798.826 0
7 800.094 0
8 799.1770000000001 0
9 799.1619999999998 0
10 799.0119999999997 0
11 810.3209999999999 0
12 1227.1449999999995 0
13 1226.8869999999997 0
14 1255.078 0
15 1256.0539999999996 0
16 1284.3469999999998 0
17 1283.7290000000003 0
18 1312.502 0
19 1314.141 0
20 1341.246 0
21 1342.3080000000004 0
22 1370.3589999999995 0
23 1368.9589999999998 0
24 1596.5520000000001 0
25 1625.2060000000001 0
26 1626.5370000000003 0
27 1655.8089999999997 0
28 1653.4709999999995 0
29 1682.7680000000005 0
30 1683.7450000000003 0
40 1769.3210000000004 0
60 2168.221 0
80 2451.673 0
100 2578.311 0
