1 198.63800000000037 0
2 198.69400000000041 0
3 198.57200000000012 0
4 198.1909999999998 0
5 199.08199999999988 0
6 199.06100000000015 0
7 209.2170000000001 0
8 199.42300000000023 0
9 199.29500000000007 0
10 209.1569999999997 0
11 208.30999999999995 0
12 297.3230000000003 0
13 304.43899999999985 0
14 305.60699999999997 0
15 312.1700000000001 0
16 314.7049999999999 0
17 319.93200000000024 0
18 321.221 0
19 325.85199999999986 0
20 328.9300000000003 0
21 333.6020000000003 0
22 334.49299999999994 0
23 340.5930000000003 0
24 340.9659999999999 0
25 396.7049999999999 0
26 397.6089999999999 0
27 403.288 0
28 404.44299999999976 0
29 411.8499999999999 0
30 410.5129999999999 0
40 439.5119999999997 0
60 538.538 0
80 793.2460000000001 0
100 830.6529999999998 0
