1 40.46199999999999 0
2 39.975000000000364 0
3 38.733999999999924 0
4 39.03200000000015 0
5 39.19900000000007 0
6 39.258000000000266 0
7 39.80899999999974 0
8 38.80400000000009 0
9 39.86299999999983 0
10 39.36299999999983 0
11 58.18299999999999 0
12 59.71900000000005 0
13 58.48799999999983 0
14 59.228000000000065 0
15 76.91100000000006 0
16 76.69599999999991 0
17 77.2829999999999 0
18 75.9699999999998 0
19 63.77599999999984 0
20 80.20499999999993 0
21 79.26299999999992 0
22 79.46000000000004 0
23 78.26299999999992 0
24 79.22500000000036 0
25 78.2170000000001 0
26 78.38599999999997 0
27 80.47199999999975 0
28 79.29599999999982 0
29 79.45899999999983 0
30 79.14100000000008 0
40 94.43299999999999 0
60 118.94299999999976 0
80 123.70199999999977 0
100 135.38599999999997 0
