1 210.5279999999998 0
2 200.60699999999997 0
3 200.13099999999986 0
4 199.78099999999995 0
5 198.94500000000016 0
6 198.95100000000002 0
7 198.99800000000005 0
8 199.23300000000017 0
9 200.0709999999999 0
10 200.40999999999985 0
11 209.17300000000023 0
12 297.9979999999996 0
13 306.20199999999977 0
14 304.13200000000006 0
15 312.21600000000035 0
16 312.8289999999997 0
17 318.94000000000005 0
18 319.11799999999994 0
19 327.49800000000005 0
20 327.00300000000016 0
21 334.24800000000005 0
22 333.7370000000001 0
23 341.35699999999997 0
24 340.7979999999998 0
25 396.52700000000004 0
26 398.09000000000015 0
27 404.904 0
28 405.41600000000017 0
29 412.24900000000025 0
30 413.75 0
40 434.1989999999996 0
60 538.076 0
80 629.1039999999998 0
100 637.6610000000001 0
