1 798.1770000000001 0
2 798.6350000000002 0
3 798.7929999999997 0
4 800.6529999999998 0
5 798.8759999999997 0
6 799.8299999999999 0
7 799.8290000000002 0
8 798.8829999999998 0
9 799.1700000000001 0
10 799.1229999999996 0
11 809.1379999999999 0
12 1228.6609999999996 0
13 1226.4999999999995 0
14 1255.7220000000002 0
15 1256.2690000000002 0
16 1284.3450000000003 0
17 1284.234 0
18 1311.2289999999998 0
19 1312.899 0
20 1340.967 0
21 1341.0870000000004 0
22 1368.6490000000003 0
23 1370.212 0
24 1597.44 0
25 1625.2089999999998 0
26 1638.3520000000003 0
27 1655.5920000000006 0
28 1654.4229999999998 0
29 1683.8589999999995 0
30 1683.5379999999996 0
40 1768.8559999999998 0
60 2166.652 0
80 2451.624 0
100 2579.281 0
