1 399.5720000000001 0
2 400.3919999999998 0
3 398.67599999999993 0
4 400.43200000000024 0
5 398.96100000000024 0
6 399.058 0
7 409.5430000000001 0
8 398.89300000000003 0
9 399.9539999999997 0
10 398.77000000000044 0
11 408.2330000000002 0
12 598.819 0
13 612.8980000000001 0
14 612.594 0
15 626.75 0
16 626.2950000000001 0
17 640.4659999999999 0
18 641.2490000000003 0
19 655.0369999999998 0
20 655.1980000000003 0
21 669.4670000000001 0
22 668.9290000000001 0
23 683.364 0
24 684.8449999999998 0
25 796.21 0
26 796.6620000000003 0
27 811.4369999999999 0
28 810.8250000000003 0
29 827.0509999999999 0
30 827.5030000000002 0
40 883.2840000000001 0
60 1080.969 0
80 1207.891 0
100 1281.4910000000004 0
