1 398.31299999999965 0
2 408.74000000000024 0
3 398.55600000000004 0
4 399.2260000000001 0
5 400.85099999999966 0
6 399.0319999999997 0
7 399.538 0
8 399.6680000000001 0
9 399.1980000000003 0
10 399.4000000000001 0
11 408.5770000000002 0
12 597.625 0
13 612.6000000000004 0
14 613.9960000000001 0
15 626.7559999999999 0
16 626.4940000000001 0
17 651.145 0
18 641.0029999999997 0
19 655.3449999999998 0
20 655.1399999999999 0
21 668.4139999999998 0
22 669.1280000000002 0
23 683.2849999999999 0
24 683.248 0
25 796.8320000000003 0
26 796.4660000000003 0
27 812.3589999999999 0
28 810.8809999999999 0
29 827.154 0
30 825.8499999999999 0
40 882.6500000000001 0
60 1081.6710000000003 0
80 1195.105 0
100 1279.6370000000006 0
