1 200.1579999999999 0
2 198.23300000000017 0
3 234.30499999999984 0
4 198.65999999999985 0
5 198.7090000000003 0
6 199.9290000000001 0
7 199.90200000000004 0
8 198.92700000000013 0
9 199.05600000000004 0
10 199.39400000000023 0
11 210.01800000000003 0
12 297.43100000000004 0
13 306.7750000000001 0
14 306.14300000000003 0
15 312.6930000000002 0
16 313.26200000000017 0
17 318.80999999999995 0
18 320.14699999999993 0
19 325.88099999999986 0
20 327.1039999999998 0
21 333.46000000000004 0
22 333.39699999999993 0
23 340.3199999999997 0
24 340.7950000000001 0
25 396.84900000000016 0
26 399.14800000000014 0
27 404.22800000000007 0
28 406.2159999999999 0
29 410.59799999999996 0
30 413.69399999999996 0
40 439.3090000000002 0
60 533.6030000000001 0
80 594.8110000000001 0
100 722.1030000000001 0
