1 38.28899999999976 0
2 39.72699999999986 0
3 38.90300000000025 0
4 38.75599999999986 0
5 38.593999999999596 0
6 40.08600000000024 0
7 39.20600000000013 0
8 40.17900000000009 0
9 39.527000000000044 0
10 39.629999999999654 0
11 56.86500000000024 0
12 57.42100000000028 0
13 59.1869999999999 0
14 59.314000000000306 0
15 61.89900000000034 0
16 61.77300000000014 0
17 78.08299999999963 0
18 78.39400000000023 0
19 80.38999999999987 0
20 80.32000000000016 0
21 79.91600000000017 0
22 81.47400000000016 0
23 79.50600000000031 0
24 81.7829999999999 0
25 89.26399999999967 0
26 81.02999999999975 0
27 79.22800000000007 0
28 81.32700000000023 0
29 79.44399999999996 0
30 81.10000000000036 0
40 100.45799999999963 0
60 136.00599999999986 0.016340581288945
80 173.84500000000025 0
100 155.06399999999985 0
