1 798.1550000000002 0
2 798.5360000000001 0
3 802.328 0
4 799.5219999999999 0
5 800.777 0
6 799.04 0
7 799.8500000000004 0
8 798.944 0
9 798.9139999999998 0
10 798.4920000000002 0
11 808.9139999999998 0
12 1225.835 0
13 1227.9230000000002 0
14 1255.5939999999996 0
15 1257.38 0
16 1285.219 0
17 1284.7619999999997 0
18 1312.507 0
19 1311.6729999999998 0
20 1341.2510000000002 0
21 1339.8880000000004 0
22 1369.6079999999997 0
23 1370.6590000000006 0
24 1598.4449999999997 0
25 1627.31 0
26 1625.344 0
27 1655.7009999999996 0
28 1653.6230000000005 0
29 1681.556 0
30 1683.2470000000003 0
40 1769.9719999999998 0
60 2181.5800000000004 0
80 2426.288 0
100 2575.6189999999997 0
