1 798.3630000000003 0
2 798.8989999999999 0
3 798.8380000000002 0
4 800.0889999999999 0
5 799.46 0
6 798.9029999999998 0
7 798.319 0
8 798.2730000000001 0
9 799.1759999999999 0
10 799.4430000000002 0
11 808.7449999999999 0
12 1226.504 0
13 1227.3980000000001 0
14 1254.44 0
15 1255.2729999999997 0
16 1283.471 0
17 1284.605 0
18 1312.029 0
19 1312.897 0
20 1341.8120000000004 0
21 1341.4060000000004 0
22 1370.437 0
23 1367.828 0
24 1599.0049999999997 0
25 1626.056 0
26 1626.879 0
27 1654.2590000000005 0
28 1657.6899999999996 0
29 1683.154 0
30 1683.687 0
40 1770.2819999999997 0
60 2166.4440000000004 0
80 2423.2989999999995 0
100 2576.327 0
