1 398.18399999999974 0
2 398.9290000000001 0
3 398.866 0
4 398.924 0
5 398.81500000000005 0
6 399.0590000000002 0
7 399.346 0
8 409.2020000000002 0
9 399.288 0
10 399.5770000000002 0
11 410.9100000000003 0
12 599.0499999999997 0
13 612.5480000000002 0
14 611.5519999999997 0
15 626.232 0
16 627.5240000000003 0
17 641.3589999999999 0
18 641.7750000000001 0
19 655.5070000000001 0
20 654.1420000000003 0
21 670.201 0
22 669.3250000000003 0
23 684.527 0
24 684.1209999999996 0
25 795.9540000000002 0
26 798.7249999999999 0
27 813.6239999999998 0
28 811.3049999999998 0
29 825.029 0
30 826.9960000000001 0
40 881.989 0
60 1081.659 0
80 1194.3849999999998 0
100 1279.0259999999998 0
