1 398.4960000000001 0
2 398.8449999999998 0
3 399.5730000000003 0
4 398.8580000000002 0
5 398.80600000000004 0
6 398.9459999999999 0
7 398.58399999999983 0
8 400.654 0
9 399.35300000000007 0
10 399.52400000000034 0
11 408.5369999999998 0
12 598.056 0
13 613.9469999999997 0
14 613.058 0
15 626.1570000000002 0
16 627.8580000000002 0
17 642.2539999999999 0
18 641.0749999999998 0
19 654.6549999999997 0
20 656.4859999999999 0
21 670.1299999999997 0
22 669.3719999999998 0
23 683.7069999999999 0
24 682.7629999999999 0
25 796.3580000000002 0
26 798.4789999999998 0
27 810.2890000000002 0
28 810.719 0
29 825.2420000000002 0
30 825.6400000000003 0
40 884.4719999999998 0
60 1082.4260000000004 0
80 1197.4279999999999 0
100 1282.623 0
