1 200.41499999999996 0
2 198.51099999999997 0
3 208.70499999999993 0
4 198.50599999999986 0
5 208.346 0
6 198.9949999999999 0
7 210.57400000000007 0
8 198.913 0
9 209.16899999999987 0
10 209.4350000000004 0
11 209.30099999999993 0
12 297.9730000000004 0
13 304.2460000000001 0
14 304.88599999999997 0
15 311.9839999999999 0
16 311.16600000000017 0
17 320.98 0
18 320.3199999999997 0
19 327.37199999999984 0
20 326.7310000000002 0
21 335.0590000000002 0
22 333.4840000000004 0
23 339.7460000000001 0
24 340.78700000000026 0
25 398.58200000000033 0
26 396.817 0
27 403.53099999999995 0
28 406.4649999999997 0
29 413.00300000000016 0
30 421.16499999999996 0
40 439.1310000000003 0
60 533.7280000000001 0
80 602.451 0
100 829.2489999999998 0
