1 798.348 0
2 798.5459999999998 0
3 799.0570000000002 0
4 798.8420000000001 0
5 798.5860000000002 0
6 799.2730000000001 0
7 798.922 0
8 799.614 0
9 799.634 0
10 809.598 0
11 808.3630000000003 0
12 1226.3230000000003 0
13 1227.688 0
14 1256.1710000000003 0
15 1255.5539999999996 0
16 1283.172 0
17 1284.286 0
18 1315.4660000000003 0
19 1312.246 0
20 1341.3020000000001 0
21 1345.933 0
22 1369.7440000000001 0
23 1369.902 0
24 1596.8270000000002 0
25 1626.0389999999998 0
26 1625.4569999999999 0
27 1654.0120000000006 0
28 1654.2799999999997 0
29 1681.7730000000001 0
30 1683.2370000000005 0
40 1767.4410000000003 0
60 2168.4300000000003 0
80 2423.9240000000004 0
100 2578.3130000000006 0
