1 40.31899999999996 0
2 38.46399999999994 0
3 39.01599999999962 0
4 38.766000000000076 0
5 39.07600000000002 0
6 39.16600000000017 0
7 39.38500000000022 0
8 40.521999999999935 0
9 40.01599999999962 0
10 40.24800000000005 0
11 58.64000000000033 0
12 57.98500000000013 0
13 61.465999999999894 0
14 61.1550000000002 0
15 61.38799999999992 0
16 61.896999999999935 0
17 87.1590000000001 0
18 77.88900000000012 0
19 78.81100000000015 0
20 78.34799999999996 0
21 82.04700000000003 0
22 81.43499999999995 0
23 78.61499999999978 0
24 81.05899999999974 0
25 82.88699999999972 0
26 81.06500000000005 0
27 80.85300000000007 0
28 81.45600000000013 0
29 79.88300000000027 0
30 82.25 0
40 98.62900000000036 0
60 117.9659999999999 0
80 124.03099999999995 0
100 193.27499999999964 0
