1 398.2640000000001 0
2 400.46100000000024 0
3 398.587 0
4 399.0340000000001 0
5 399.77300000000014 0
6 399.4789999999998 0
7 398.9540000000002 0
8 398.9079999999999 0
9 399.8000000000002 0
10 399.53499999999985 0
11 409.28600000000006 0
12 597.4609999999998 0
13 616.435 0
14 618.2919999999999 0
15 628.9900000000002 0
16 627.8719999999998 0
17 639.145 0
18 650.259 0
19 648.893 0
20 650.6380000000004 0
21 660.674 0
22 660.4660000000003 0
23 671.3870000000002 0
24 671.71 0
25 681.1199999999999 0
26 681.308 0
27 796.6179999999999 0
28 798.5540000000001 0
29 818.1889999999999 0
30 818.0709999999999 0
40 871.406 0
60 1026.4390000000003 0
80 1078.9489999999996 0
100 1256.2620000000002 0
