1 798.1480000000001 0
2 798.672 0
3 800.6790000000001 0
4 799.7089999999998 0
5 799.922 0
6 799.4989999999998 0
7 809.8989999999999 0
8 799.2539999999999 0
9 800.1399999999999 0
10 799.2110000000002 0
11 810.5100000000002 0
12 1199.3050000000003 0
13 1236.7989999999995 0
14 1239.0249999999996 0
15 1258.9929999999995 0
16 1258.3690000000001 0
17 1292.446 0
18 1278.3380000000002 0
19 1301.6469999999995 0
20 1300.489 0
21 1320.7339999999995 0
22 1322.6290000000004 0
23 1343.6949999999997 0
24 1343.1459999999997 0
25 1364.8019999999997 0
26 1370.9969999999998 0
27 1391.3020000000001 0
28 1386.4589999999994 0
29 1598.7090000000003 0
30 1598.9279999999999 0
40 1723.3189999999995 0
60 2038.587 0
80 2186.5559999999996 0
100 2457.2879999999996 0
