1 200.42200000000003 0
2 198.48500000000013 0
3 198.17399999999998 0
4 198.5939999999996 0
5 198.69800000000032 0
6 199.029 0
7 198.3770000000004 0
8 210.25199999999995 0
9 199.29299999999967 0
10 200.17000000000007 0
11 209.31299999999965 0
12 298.529 0
13 307.41100000000006 0
14 308.1510000000003 0
15 312.779 0
16 313.27700000000004 0
17 318.21799999999985 0
18 319.49500000000035 0
19 322.18600000000015 0
20 324.52800000000025 0
21 329.13200000000006 0
22 412.2640000000001 0
23 334.701 0
24 335.10400000000027 0
25 337.63200000000006 0
26 340.9279999999999 0
27 398.3649999999998 0
28 396.3919999999998 0
29 407.5210000000002 0
30 407.35699999999997 0
40 435.26800000000003 0
60 517.6999999999998 0
80 540.777 0
100 692.9659999999999 0.009881683311813272
