1 800.3069999999998 0
2 798.565 0
3 799.5790000000002 0
4 798.6320000000001 0
5 799.7180000000003 0
6 798.8420000000001 0
7 799.1320000000001 0
8 799.1030000000001 0
9 798.7370000000001 0
10 799.0639999999999 0
11 809.5050000000001 0
12 1199.7079999999996 0
13 1237.1119999999996 0
14 1237.241 0
15 1257.8310000000006 0
16 1260.8360000000002 0
17 1281.123 0
18 1280.1909999999998 0
19 1301.784 0
20 1299.8690000000001 0
21 1322.0849999999996 0
22 1322.0879999999997 0
23 1344.866 0
24 1343.3359999999998 0
25 1364.509 0
26 1364.071 0
27 1386.748 0
28 1385.7400000000002 0
29 1597.167 0
30 1598.7450000000003 0
40 1719.3320000000003 0
60 2034.172 0
80 2183.8149999999996 0
100 2831.822 0.009881683311813272
