1 41.20199999999977 0
2 39.39700000000039 0
3 40.471000000000004 0
4 40.547999999999774 0
5 42.92800000000034 0
6 43.81100000000015 0
7 46.05600000000004 0
8 44.86800000000039 0
9 47.108999999999924 0
10 49.27300000000014 0
11 58.67500000000018 0
12 60.64799999999968 0
13 61.79500000000007 0
14 61.583000000000084 0
15 62.60500000000002 0
16 64.14899999999989 0
17 64.60600000000022 0
18 66.23999999999978 0
19 66.06500000000005 0
20 67.69100000000026 0
21 78.7460000000001 0
22 77.875 0
23 83.12699999999995 0
24 81.02300000000014 0
25 85.27700000000004 0
26 81.72400000000016 0
27 84.18899999999985 0
28 84.44399999999996 0
29 95.50900000000001 0
30 97.03399999999965 0
40 121.28700000000026 0
60 145.26199999999972 0
80 196.8710000000001 0
100 253.44100000000026 0
