1 198.33500000000004 0
2 200.64600000000019 0
3 198.40200000000004 0
4 198.596 0
5 199.01200000000017 0
6 199.6010000000001 0
7 199.2449999999999 0
8 200.2750000000001 0
9 199.4670000000001 0
10 199.38800000000037 0
11 210.442 0
12 323.4459999999999 0
13 307.9869999999996 0
14 308.163 0
15 312.92800000000034 0
16 312.6510000000003 0
17 318.28099999999995 0
18 318.02599999999984 0
19 322.2600000000002 0
20 324.8029999999999 0
21 327.5949999999998 0
22 350.47299999999996 0
23 334.4949999999999 0
24 333.6329999999998 0
25 339.8800000000001 0
26 339.3560000000002 0
27 397.2739999999999 0
28 399.31899999999996 0
29 407.163 0
30 408.78700000000026 0
40 433.0540000000001 0
60 512.5920000000001 0
80 594.4630000000002 0
100 617.7930000000001 0
