1 40.389000000000124 0
2 38.67599999999993 0
3 38.67300000000023 0
4 40.083000000000084 0
5 38.621000000000095 0
6 39.40099999999984 0
7 39.128999999999905 0
8 39.44399999999996 0
9 40.13500000000022 0
10 39.71499999999969 0
11 59.059999999999945 0
12 60.41399999999976 0
13 59.809999999999945 0
14 59.403999999999996 0
15 76.56999999999971 0
16 60.44300000000021 0
17 77.80199999999968 0
18 78.54500000000007 0
19 78.79700000000003 0
20 98.30799999999999 0
21 78.33400000000029 0
22 78.5260000000003 0
23 79.31799999999976 0
24 79.84100000000035 0
25 79.91900000000032 0
26 80.56500000000005 0
27 79.35799999999972 0
28 81.52399999999989 0
29 80.74200000000019 0
30 78.89699999999993 0
40 98.62000000000035 0
60 136.36599999999999 0
80 141.79700000000003 0
100 123.95000000000027 0
