1 798.5050000000001 0
2 800.672 0
3 799.7539999999999 0
4 809.3050000000003 0
5 799.0240000000003 0
6 799.2400000000002 0
7 799.3739999999998 0
8 799.5529999999999 0
9 799.2490000000003 0
10 800.817 0
11 809.5789999999997 0
12 1197.9569999999999 0
13 1237.7130000000002 0
14 1236.118 0
15 1258.8250000000003 0
16 1257.6509999999998 0
17 1280.2629999999995 0
18 1279.1940000000004 0
19 1305.996 0
20 1301.4470000000006 0
21 1323.29 0
22 1321.9539999999997 0
23 1345.0730000000003 0
24 1343.3500000000004 0
25 1365.2159999999994 0
26 1366.5209999999997 0
27 1387.547 0
28 1386.8070000000002 0
29 1597.3359999999998 0
30 1596.8799999999997 0
40 1723.8319999999999 0
60 2034.757 0
80 2184.8639999999996 0
100 2470.696 0
