1 38.4050000000002 0
2 38.61499999999978 0
3 38.682000000000244 0
4 38.90700000000015 0
5 38.88899999999967 0
6 39.51999999999998 0
7 40.10100000000011 0
8 39.15700000000015 0
9 40.746000000000095 0
10 39.99200000000019 0
11 71.73399999999992 0
12 57.958000000000084 0
13 59.1840000000002 0
14 59.74299999999994 0
15 76.61000000000013 0
16 76.87800000000016 0
17 78.50499999999965 0
18 79.01099999999997 0
19 81.48900000000003 0
20 82.3789999999999 0
21 81.67900000000009 0
22 81.4739999999997 0
23 79.38100000000031 0
24 81.08999999999969 0
25 81.13700000000017 0
26 80.38800000000037 0
27 80.97600000000011 0
28 80.56600000000026 0
29 81.125 0
30 81.94299999999976 0
40 136.0569999999998 0.06944873140317298
60 118.48799999999983 0.016340581288945
80 139.8689999999997 0.03603113089709509
100 214.69800000000032 0.009881683311813272
