1 198.67200000000003 0
2 198.3760000000002 0
3 198.70600000000013 0
4 200.11200000000008 0
5 199.8380000000002 0
6 199.99199999999973 0
7 198.6470000000004 0
8 198.52099999999973 0
9 199.29100000000017 0
10 199.82799999999997 0
11 210.67999999999984 0
12 297.8059999999996 0
13 307.29800000000023 0
14 307.74199999999973 0
15 314.3600000000001 0
16 313.4680000000003 0
17 318.1199999999999 0
18 319.8180000000002 0
19 322.93100000000004 0
20 322.3879999999999 0
21 330.0699999999997 0
22 330.0709999999999 0
23 334.0720000000001 0
24 334.8639999999996 0
25 341.0529999999999 0
26 339.1890000000003 0
27 396.18700000000035 0
28 408.6080000000002 0
29 407.6139999999996 0
30 407.2370000000001 0
40 433.9540000000002 0
60 516.721 0
80 538.156 0
100 620.0549999999998 0
