1 399.0709999999999 0
2 399.35699999999997 0
3 398.3869999999997 0
4 398.58100000000013 0
5 398.7630000000004 0
6 398.8140000000003 0
7 399.08399999999983 0
8 399.8299999999999 0
9 399.2059999999997 0
10 409.759 0
11 408.44900000000007 0
12 599.268 0
13 629.5889999999999 0
14 618.703 0
15 629.1869999999999 0
16 628.2580000000003 0
17 639.9899999999998 0
18 637.6029999999996 0
19 650.2980000000002 0
20 650.1290000000004 0
21 658.598 0
22 660.4990000000003 0
23 671.605 0
24 670.748 0
25 681.3760000000002 0
26 680.607 0
27 796.0089999999996 0
28 797.1020000000003 0
29 816.5509999999999 0
30 816.5490000000004 0
40 870.3110000000001 0
60 1025.0579999999995 0
80 1081.9190000000003 0
100 1257.632 0
