1 399.66499999999996 0
2 398.54299999999967 0
3 400.53600000000006 0
4 398.7810000000004 0
5 398.98600000000033 0
6 399.2750000000001 0
7 398.9580000000001 0
8 399.174 0
9 398.817 0
10 399.69900000000007 0
11 409.134 0
12 598.3310000000001 0
13 617.9769999999999 0
14 617.4670000000001 0
15 627.433 0
16 629.2360000000003 0
17 638.719 0
18 640.2269999999999 0
19 648.6839999999997 0
20 649.7619999999997 0
21 659.5239999999999 0
22 661.299 0
23 671.201 0
24 672.2339999999999 0
25 682.6640000000002 0
26 682.3489999999997 0
27 796.565 0
28 797.8990000000003 0
29 819.241 0
30 815.3880000000004 0
40 871.96 0
60 1026.614 0
80 1079.19 0
100 1237.966 0
