1 198.98799999999983 0
2 198.7149999999997 0
3 198.1189999999997 0
4 200.60500000000002 0
5 199.2510000000002 0
6 199.36900000000014 0
7 199.23299999999972 0
8 199.53099999999995 0
9 198.44299999999976 0
10 199.4720000000002 0
11 209.33399999999983 0
12 297.32699999999977 0
13 308.31600000000026 0
14 308.2660000000001 0
15 312.9789999999998 0
16 316.65300000000025 0
17 318.692 0
18 320.3270000000002 0
19 323.6869999999999 0
20 323.6729999999998 0
21 329.30899999999974 0
22 327.98199999999997 0
23 332.71399999999994 0
24 334.1930000000002 0
25 339.567 0
26 338.1170000000002 0
27 397.971 0
28 396.62300000000005 0
29 406.41100000000006 0
30 407.8220000000001 0
40 433.7859999999996 0
60 511.83500000000004 0
80 537.73 0
100 637.6530000000002 0
