1 40.577999999999975 0
2 38.49200000000019 0
3 42.44599999999991 0
4 41.81399999999985 0
5 42.90099999999984 0
6 42.652000000000044 0
7 45.05600000000004 0
8 46.358999999999924 0
9 46.044000000000324 0
10 47.098999999999705 0
11 57.240999999999985 0
12 58.39300000000003 0
13 61.14499999999998 0
14 60.695000000000164 0
15 63.090000000000146 0
16 62.871999999999844 0
17 66.10399999999981 0
18 66.26999999999998 0
19 64.18499999999995 0
20 75.88599999999997 0
21 77.66399999999976 0
22 79.68100000000004 0
23 82.92000000000007 0
24 83.73799999999983 0
25 81.20299999999997 0
26 87.85599999999977 0
27 85.30499999999984 0
28 86.30500000000029 0
29 97.82299999999987 0
30 84.13000000000011 0
40 119.24400000000014 0
60 161.93399999999974 0
80 183.29800000000023 0
100 294.78099999999995 0
