1 800.1040000000003 0
2 810.2629999999999 0
3 798.596 0
4 798.4810000000002 0
5 808.7370000000001 0
6 799.1019999999999 0
7 809.031 0
8 799.7489999999998 0
9 800.2739999999999 0
10 799.5950000000003 0
11 808.3290000000002 0
12 1197.0540000000005 0
13 1238.8009999999995 0
14 1237.1619999999998 0
15 1257.8169999999996 0
16 1258.0969999999998 0
17 1280.4809999999998 0
18 1280.0220000000004 0
19 1302.0569999999998 0
20 1301.109 0
21 1321.4300000000003 0
22 1322.9410000000003 0
23 1343.7959999999998 0
24 1342.154 0
25 1365.1399999999999 0
26 1363.5289999999995 0
27 1386.321 0
28 1388.507 0
29 1597.828 0
30 1598.4399999999996 0
40 1720.812 0
60 2037.0439999999999 0
80 2184.6580000000004 0
100 2453.1620000000003 0
