1 198.45899999999983 0
2 198.88400000000001 0
3 198.71299999999974 0
4 199.28600000000006 0
5 199.596 0
6 210.317 0
7 199.0300000000002 0
8 199.17700000000013 0
9 199.67700000000013 0
10 199.76200000000017 0
11 209.0239999999999 0
12 299.41200000000026 0
13 308.1079999999997 0
14 307.5659999999998 0
15 313.0150000000003 0
16 313.2489999999998 0
17 319.2310000000002 0
18 319.299 0
19 342.1410000000001 0
20 322.75 0
21 329.7470000000003 0
22 329.20700000000033 0
23 335.07000000000016 0
24 335.6489999999999 0
25 339.4390000000003 0
26 340.0130000000004 0
27 396.84299999999985 0
28 396.09400000000005 0
29 408.7529999999997 0
30 407.3249999999998 0
40 433.35000000000036 0
60 518.5819999999999 0
80 537.5559999999996 0
100 627.759 0
