1 409.01099999999997 0
2 398.52800000000025 0
3 398.58899999999994 0
4 399.0830000000001 0
5 400.0540000000001 0
6 399.1350000000002 0
7 399.3850000000002 0
8 399.35000000000036 0
9 399.288 0
10 399.49400000000014 0
11 408.56100000000015 0
12 597.065 0
13 616.9429999999998 0
14 617.6909999999998 0
15 628.4589999999998 0
16 629.4160000000002 0
17 639.306 0
18 640.375 0
19 650.7649999999999 0
20 649.2919999999999 0
21 661.23 0
22 660.6860000000001 0
23 671.192 0
24 670.549 0
25 681.7370000000001 0
26 682.346 0
27 795.942 0
28 795.4920000000002 0
29 816.748 0
30 817.8449999999998 0
40 869.2919999999999 0
60 1030.2130000000002 0
80 1080.768 0
100 1258.1979999999999 0
