1 39.16199999999981 0
2 40.49000000000024 0
3 41.28099999999995 0
4 42.86999999999989 0
5 41.70899999999983 0
6 41.9670000000001 0
7 44.866999999999734 0
8 45.98700000000008 0
9 46.3119999999999 0
10 48.91800000000012 0
11 57.289999999999964 0
12 57.2800000000002 0
13 59.66899999999987 0
14 60.4369999999999 0
15 63.582000000000335 0
16 63.26200000000017 0
17 65.63000000000011 0
18 67.42599999999993 0
19 66.17599999999993 0
20 66.47600000000011 0
21 77.55700000000024 0
22 77.98900000000003 0
23 80.57600000000002 0
24 84.52500000000009 0
25 80.8710000000001 0
26 83.00199999999995 0
27 86.46300000000019 0
28 87.10399999999981 0
29 97.43000000000029 0
30 97.9970000000003 0
40 106.31900000000041 0
60 160.60999999999967 0
80 217.8489999999997 0
100 293.16799999999967 0
