1 400.1350000000002 0
2 398.77499999999964 0
3 398.241 0
4 399.3220000000001 0
5 399.3430000000003 0
6 399.24699999999984 0
7 399.52300000000014 0
8 399.60199999999986 0
9 399.18499999999995 0
10 409.49000000000024 0
11 408.71500000000015 0
12 600.5099999999998 0
13 619.056 0
14 618.79 0
15 627.94 0
16 627.991 0
17 638.9410000000003 0
18 639.692 0
19 650.2629999999999 0
20 648.6869999999999 0
21 661.031 0
22 658.9299999999998 0
23 671.3789999999999 0
24 670.9789999999998 0
25 681.7739999999999 0
26 681.951 0
27 796.8869999999997 0
28 692.5619999999999 0
29 817.194 0
30 816.5819999999999 0
40 870.0839999999998 0
60 1026.2490000000003 0
80 1427.995 0
100 1246.2639999999997 0
