1 798.5889999999999 0
2 798.6490000000003 0
3 798.4430000000002 0
4 798.9770000000003 0
5 799.0230000000001 0
6 800.1820000000002 0
7 799.2769999999996 0
8 799.0099999999998 0
9 798.8600000000001 0
10 800.2429999999999 0
11 808.7909999999997 0
12 1198.3309999999997 0
13 1238.487 0
14 1237.259 0
15 1258.5680000000002 0
16 1258.487 0
17 1279.2270000000003 0
18 1281.6000000000004 0
19 1301.9299999999998 0
20 1301.627 0
21 1321.9700000000003 0
22 1322.9589999999998 0
23 1344.129 0
24 1344.2540000000004 0
25 1363.7290000000003 0
26 1364.5989999999997 0
27 1386.8310000000001 0
28 1386.4390000000003 0
29 1596.5910000000003 0
30 1596.9750000000004 0
40 1719.8320000000003 0
60 2036.0569999999998 0
80 2186.762 0
100 2458.2140000000004 0
