1 400.2510000000002 0
2 399.56500000000005 0
3 398.59299999999985 0
4 399.66899999999987 0
5 398.7130000000002 0
6 398.59500000000025 0
7 398.6800000000003 0
8 400.27800000000025 0
9 399.35000000000036 0
10 399.10400000000027 0
11 411.97900000000027 0
12 599.5930000000003 0
13 616.1489999999999 0
14 618.038 0
15 627.1439999999998 0
16 628.1929999999998 0
17 639.3890000000001 0
18 639.4719999999998 0
19 649.5419999999999 0
20 648.6999999999998 0
21 660.4470000000001 0
22 661.3820000000001 0
23 669.7159999999999 0
24 670.4850000000001 0
25 682.185 0
26 682.6759999999999 0
27 799.0070000000001 0
28 796.469 0
29 817.904 0
30 816.393 0
40 868.991 0
60 1016.721 0
80 1079.2589999999996 0
100 1271.1399999999999 0
