1 799.656 0
2 798.4659999999999 0
3 810.3040000000001 0
4 800.8509999999997 0
5 799.1310000000003 0
6 799.201 0
7 800.0390000000002 0
8 799.1379999999999 0
9 799.116 0
10 800.069 0
11 809.2279999999996 0
12 1197.339 0
13 1236.5080000000003 0
14 1236.7179999999998 0
15 1259.172 0
16 1257.8909999999996 0
17 1279.603 0
18 1279.2290000000003 0
19 1301.1219999999998 0
20 1300.464 0
21 1321.384 0
22 1322.6680000000001 0
23 1343.5819999999999 0
24 1343.118 0
25 1364.7270000000003 0
26 1364.6019999999999 0
27 1387.1119999999996 0
28 1386.1759999999995 0
29 1596.721 0
30 1599.005 0
40 1722.4809999999998 0
60 2034.7910000000002 0
80 2187.198 0
100 2437.0660000000003 0
