1 200.375 0
2 198.27900000000045 0
3 199.31399999999985 0
4 198.75700000000006 0
5 198.41499999999996 0
6 199.84400000000005 0
7 199.77299999999968 0
8 209.91100000000006 0
9 198.71100000000024 0
10 209.2510000000002 0
11 209.01700000000028 0
12 297.80200000000013 0
13 307.83899999999994 0
14 307.6690000000003 0
15 313.12300000000005 0
16 313.076 0
17 320.3299999999999 0
18 322.20600000000013 0
19 324.6089999999999 0
20 323.31899999999996 0
21 329.0789999999997 0
22 330.02700000000004 0
23 335.09799999999996 0
24 334.79800000000023 0
25 339.04399999999987 0
26 339.11900000000014 0
27 396.317 0
28 397.1420000000003 0
29 406.68499999999995 0
30 406.97400000000016 0
40 433.0010000000002 0
60 512.366 0
80 539.46 0
100 618.0129999999999 0
