1 198.31799999999976 0
2 198.86799999999994 0
3 199.92200000000003 0
4 198.94400000000041 0
5 199.17499999999973 0
6 199.14300000000003 0
7 198.9749999999999 0
8 199.39900000000034 0
9 199.29300000000012 0
10 208.5920000000001 0
11 209.5250000000001 0
12 297.91200000000026 0
13 307.50599999999986 0
14 309.1410000000001 0
15 314.28300000000036 0
16 312.59100000000035 0
17 318.27700000000004 0
18 317.19900000000007 0
19 324.5100000000002 0
20 324.59100000000035 0
21 329.6080000000002 0
22 329.922 0
23 334.471 0
24 333.9380000000001 0
25 339.39699999999993 0
26 339.9290000000001 0
27 397.8510000000001 0
28 396.77 0
29 406.40300000000025 0
30 408.56899999999996 0
40 433.6749999999997 0
60 523.567 0
80 594.5899999999997 0
100 636.4950000000003 0
