1 198.14400000000023 0
2 198.587 0
3 198.5220000000004 0
4 200.6590000000001 0
5 198.98199999999997 0
6 200.21299999999974 0
7 199.24699999999984 0
8 208.66100000000006 0
9 209.6959999999999 0
10 198.76800000000003 0
11 209.52300000000014 0
12 298.808 0
13 308.0529999999999 0
14 308.3499999999999 0
15 313.75 0
16 313.5749999999998 0
17 318.4300000000003 0
18 318.90999999999985 0
19 323.4209999999998 0
20 323.7659999999996 0
21 329.83899999999994 0
22 331.09299999999985 0
23 333.8960000000002 0
24 333.0569999999998 0
25 340.0949999999998 0
26 339.2109999999998 0
27 396.9459999999999 0
28 396.68899999999985 0
29 406.53999999999996 0
30 407.91499999999996 0
40 433.21000000000004 0
60 517.2130000000002 0
80 538.078 0
100 620.348 0
