1 200.58600000000024 0
2 200.69999999999982 0
3 198.8340000000003 0
4 200.25900000000001 0
5 199.183 0
6 200.11799999999994 0
7 198.95600000000013 0
8 199.40300000000025 0
9 199.74599999999964 0
10 199.47700000000032 0
11 209.44800000000032 0
12 299.4869999999996 0
13 307.7909999999997 0
14 308.21299999999974 0
15 313.40800000000036 0
16 314.0450000000001 0
17 319.2130000000002 0
18 319.5189999999998 0
19 322.84699999999975 0
20 322.88599999999997 0
21 329.4430000000002 0
22 329.5119999999997 0
23 334.3230000000003 0
24 333.18600000000015 0
25 339.93600000000015 0
26 339.8899999999999 0
27 396.6680000000001 0
28 397.3470000000002 0
29 406.83600000000024 0
30 408.05499999999984 0
40 434.75 0
60 516.6909999999998 0
80 539.0619999999999 0
100 637.565 0
