1 398.46799999999985 0
2 399.36900000000014 0
3 398.8199999999997 0
4 399.6439999999998 0
5 398.58899999999994 0
6 399.16499999999996 0
7 400.78600000000006 0
8 400.52199999999993 0
9 398.61500000000024 0
10 399.35300000000007 0
11 409.23600000000033 0
12 598.1640000000002 0
13 618.038 0
14 617.9670000000001 0
15 627.6580000000004 0
16 628.0649999999996 0
17 637.2690000000002 0
18 637.4010000000003 0
19 648.7240000000002 0
20 649.951 0
21 661.1950000000002 0
22 660.6199999999999 0
23 671.435 0
24 670.4079999999999 0
25 682.3980000000001 0
26 681.4990000000003 0
27 796.0900000000001 0
28 796.4839999999999 0
29 818.3520000000003 0
30 829.2800000000002 0
40 871.3900000000003 0
60 1029.4719999999998 0
80 1086.3029999999994 0
100 1213.2930000000006 0
