1 400.36299999999983 0
2 398.47299999999996 0
3 399.578 0
4 399.3620000000001 0
5 399.84799999999996 0
6 399.03999999999996 0
7 399.105 0
8 399.35300000000007 0
9 408.22199999999975 0
10 399.07199999999966 0
11 408.97400000000016 0
12 599.8059999999996 0
13 618.94 0
14 618.1639999999998 0
15 629.2759999999998 0
16 628.0420000000004 0
17 638.9740000000002 0
18 638.2730000000001 0
19 650.0119999999997 0
20 649.5970000000002 0
21 661.0970000000002 0
22 680.982 0
23 670.114 0
24 670.4660000000003 0
25 681.511 0
26 796.8110000000001 0
27 691.6480000000001 0
28 690.9949999999999 0
29 815.451 0
30 815.8229999999999 0
40 870.0430000000001 0
60 1018.5530000000003 0
80 1080.458 0
100 1214.4759999999997 0
