1 399.3000000000002 0
2 398.8130000000001 0
3 408.58899999999994 0
4 400.95199999999977 0
5 398.7649999999999 0
6 398.7130000000002 0
7 409.40599999999995 0
8 399.038 0
9 399.4870000000001 0
10 408.53600000000006 0
11 409.1039999999998 0
12 599.6469999999999 0
13 617.4740000000002 0
14 616.877 0
15 627.7019999999998 0
16 628.386 0
17 640.1179999999999 0
18 639.1320000000001 0
19 650.585 0
20 649.759 0
21 660.759 0
22 659.7780000000002 0
23 672.3689999999997 0
24 670.8510000000001 0
25 681.5350000000003 0
26 680.808 0
27 692.844 0
28 796.8779999999997 0
29 817.4229999999998 0
30 818.1840000000002 0
40 872.884 0
60 1018.5129999999995 0
80 1081.4009999999998 0
100 1218.2269999999999 0
