1 41.03699999999981 0
2 38.47499999999991 0
3 40.483999999999924 0
4 42.89000000000033 0
5 42.67599999999993 0
6 42.830999999999676 0
7 44.85199999999986 0
8 46.184999999999945 0
9 47.384000000000015 0
10 46.636999999999716 0
11 57.27399999999989 0
12 60.503999999999905 0
13 60.20399999999972 0
14 63.33699999999999 0
15 63.81800000000021 0
16 66.654 0
17 67.21900000000005 0
18 66.9970000000003 0
19 65.14700000000039 0
20 77.23000000000002 0
21 77.01400000000012 0
22 78.55099999999993 0
23 80.05699999999979 0
24 83.721 0
25 82.42099999999982 0
26 86.08599999999979 0
27 84.03900000000021 0
28 84.27700000000004 0
29 95.596 0
30 98.66699999999992 0
40 118.81500000000005 0
60 179.46500000000015 0
80 198.92099999999982 0
100 233.2199999999998 0.0907462975510599
