1 200.43099999999959 0
2 200.63999999999987 0
3 198.95200000000023 0
4 200.4069999999997 0
5 198.7159999999999 0
6 200.27800000000025 0
7 208.98300000000017 0
8 198.97000000000025 0
9 199.35400000000027 0
10 209.01300000000037 0
11 209.3449999999998 0
12 298.8140000000003 0
13 307.96900000000005 0
14 307.7189999999996 0
15 325.6800000000003 0
16 313.41499999999996 0
17 318.0100000000002 0
18 317.625 0
19 324.79399999999987 0
20 325.24500000000035 0
21 329.87900000000036 0
22 330.1800000000003 0
23 334.1180000000004 0
24 338.326 0
25 339.8919999999998 0
26 340.174 0
27 396.58100000000013 0
28 400.4290000000001 0
29 407.4540000000002 0
30 407.3810000000003 0
40 433.31500000000005 0
60 510.22800000000007 0
80 595.326 0
100 625.7429999999999 0
