1 200.13700000000017 0
2 198.27900000000045 0
3 200.70300000000043 0
4 200.23199999999997 0
5 198.6329999999998 0
6 199.971 0
7 198.77999999999975 0
8 210.08799999999974 0
9 199.16100000000006 0
10 201.1890000000003 0
11 209.78200000000015 0
12 297.61100000000033 0
13 306.97800000000007 0
14 308.4850000000001 0
15 312.3920000000003 0
16 315.14400000000023 0
17 318.4580000000001 0
18 317.37400000000025 0
19 323.3529999999996 0
20 323.35599999999977 0
21 329.5749999999998 0
22 328.4480000000003 0
23 333.41100000000006 0
24 334.15200000000004 0
25 338.96900000000005 0
26 339.56799999999976 0
27 398.0799999999999 0
28 396.9500000000003 0
29 414 0
30 408.49199999999973 0
40 434.8899999999999 0
60 519.1819999999998 0
80 539.3160000000003 0
100 611.6889999999999 0
