1 200.32200000000012 0
2 199.10799999999972 0
3 198.83100000000013 0
4 198.45600000000013 0
5 199.17399999999998 0
6 198.67599999999993 0
7 200.98499999999967 0
8 199.03600000000006 0
9 198.63700000000017 0
10 208.48599999999988 0
11 209.83899999999994 0
12 297.9000000000001 0
13 307.4489999999996 0
14 307.9200000000001 0
15 313.49800000000005 0
16 313.15700000000015 0
17 318.91499999999996 0
18 318.80099999999993 0
19 322.96799999999985 0
20 325.2059999999997 0
21 329.55600000000004 0
22 329.63300000000027 0
23 334.45700000000033 0
24 334.6380000000004 0
25 340.4169999999999 0
26 339.87800000000016 0
27 426.0100000000002 0
28 398.5010000000002 0
29 407.0239999999999 0
30 409.47199999999975 0
40 433.98799999999983 0
60 516.8570000000004 0
80 540.0630000000001 0
100 704.0709999999999 0
