1 398.0749999999998 0
2 398.66499999999996 0
3 398.5400000000004 0
4 398.24400000000014 0
5 399.7950000000001 0
6 400.23199999999997 0
7 398.98600000000033 0
8 399.30700000000024 0
9 399.7819999999997 0
10 399.634 0
11 409.26800000000003 0
12 598.0930000000003 0
13 616.962 0
14 618.0730000000003 0
15 628.9450000000002 0
16 628.962 0
17 638.788 0
18 637.556 0
19 649.9140000000002 0
20 648.931 0
21 659.9490000000001 0
22 658.9519999999998 0
23 673.6710000000003 0
24 671.4790000000003 0
25 681.94 0
26 681.279 0
27 799.3450000000003 0
28 797.6120000000001 0
29 816.0120000000002 0
30 817.5080000000003 0
40 871.0450000000001 0
60 1025.44 0
80 1079.6059999999998 0
100 1213.5669999999996 0
