1 798.3900000000003 0
2 798.6990000000001 0
3 798.4960000000001 0
4 800.656 0
5 799.6700000000001 0
6 798.9360000000001 0
7 799.0839999999998 0
8 799.0219999999999 0
9 799.2529999999997 0
10 799.3919999999998 0
11 809.185 0
12 1197.4 0
13 1237.0519999999997 0
14 1236.1750000000002 0
15 1257.2139999999995 0
16 1261.8510000000006 0
17 1279.5679999999998 0
18 1279.4370000000004 0
19 1299.1089999999995 0
20 1300.6290000000004 0
21 1322.8000000000002 0
22 1322.3289999999997 0
23 1343.56 0
24 1343.46 0
25 1374.5719999999997 0
26 1365.3829999999998 0
27 1386.661 0
28 1387.0000000000005 0
29 1598.6640000000002 0
30 1596.712 0
40 1720.1549999999997 0
60 2035.3959999999997 0
80 2184.5159999999996 0
100 2190.0750000000003 0
