1 798.4789999999998 0
2 798.5740000000001 0
3 798.8600000000001 0
4 798.855 0
5 798.685 0
6 798.9140000000002 0
7 799.6710000000003 0
8 800.134 0
9 800.355 0
10 800.3910000000001 0
11 808.7559999999999 0
12 1197.7179999999998 0
13 1237.3580000000002 0
14 1237.5529999999999 0
15 1258.69 0
16 1257.9349999999995 0
17 1280.4299999999998 0
18 1281.491 0
19 1300.0699999999997 0
20 1302.598 0
21 1322.917 0
22 1322.1420000000003 0
23 1344.7849999999999 0
24 1343.6070000000004 0
25 1365.712 0
26 1364.69 0
27 1385.996 0
28 1385.3029999999999 0
29 1596.1250000000005 0
30 1597.3739999999998 0
40 1720.1680000000006 0
60 2034.2579999999998 0
80 2184.986 0
100 2396.137 0
