1 38.998999999999796 0
2 38.27500000000009 0
3 40.34699999999975 0
4 39.92900000000009 0
5 42.38000000000011 0
6 43.81600000000026 0
7 45.0930000000003 0
8 45.771000000000186 0
9 45.99399999999969 0
10 48.76499999999987 0
11 57.297000000000025 0
12 57.38200000000006 0
13 62.822999999999865 0
14 60.74400000000014 0
15 62.51800000000003 0
16 63.02400000000034 0
17 62.99400000000014 0
18 65.04799999999977 0
19 78.12199999999984 0
20 76.63200000000006 0
21 78.57300000000032 0
22 79.24800000000005 0
23 79.78999999999996 0
24 81.86500000000024 0
25 81.24900000000025 0
26 83.00199999999995 0
27 83.22199999999975 0
28 98.42800000000034 0
29 94.63200000000006 0
30 86.79599999999982 0
40 122.60800000000017 0
60 160.04100000000017 0
80 194.12800000000016 0
100 254.7550000000001 0
