1 400.1819999999998 0
2 402.58399999999983 0
3 398.7670000000003 0
4 398.8409999999999 0
5 398.92800000000034 0
6 399.78099999999995 0
7 400.1399999999999 0
8 398.7900000000004 0
9 398.93200000000024 0
10 408.37699999999995 0
11 410.22400000000016 0
12 597.0639999999999 0
13 618.9670000000001 0
14 617.1370000000002 0
15 627.7690000000002 0
16 629.2220000000002 0
17 639.8579999999997 0
18 638.1420000000003 0
19 650.1099999999997 0
20 649.4639999999999 0
21 661.6460000000002 0
22 660.2959999999998 0
23 670.4430000000002 0
24 670.7769999999996 0
25 681.5030000000002 0
26 683.0589999999997 0
27 798.9339999999997 0
28 796.7269999999999 0
29 818.6999999999998 0
30 816.54 0
40 870.2350000000001 0
60 1029.451 0
80 1091.5230000000001 0
100 1397.9859999999999 0.0290705186180521
