1 398.62800000000016 0
2 398.5239999999999 0
3 398.7199999999998 0
4 400.5500000000002 0
5 401.096 0
6 399.97199999999975 0
7 399.2249999999999 0
8 399.2220000000002 0
9 408.3270000000002 0
10 398.7950000000001 0
11 408.65599999999995 0
12 598.2330000000002 0
13 616.328 0
14 617.4259999999999 0
15 626.7640000000001 0
16 628.288 0
17 638.759 0
18 639.8990000000003 0
19 648.7959999999998 0
20 649.5130000000004 0
21 659.906 0
22 659.029 0
23 670.3510000000001 0
24 671.8739999999998 0
25 682.0529999999999 0
26 681.3529999999996 0
27 804.5839999999998 0
28 798.433 0
29 817.565 0
30 817.3400000000001 0
40 870.884 0
60 1015.1800000000003 0
80 1083.4230000000002 0
100 1257.3939999999998 0
