1 798.4369999999999 0
2 799.7260000000001 0
3 798.328 0
4 799.268 0
5 798.9569999999999 0
6 799.3119999999999 0
7 799.268 0
8 809.114 0
9 799.2150000000001 0
10 798.5930000000003 0
11 809.6610000000001 0
12 1197.9980000000005 0
13 1236.7959999999998 0
14 1238.0979999999995 0
15 1258.3839999999996 0
16 1259.627 0
17 1281.3100000000004 0
18 1280.3629999999998 0
19 1300.1450000000004 0
20 1302.4809999999998 0
21 1322.7620000000002 0
22 1322.5719999999997 0
23 1344.4329999999995 0
24 1343.687 0
25 1365.007 0
26 1365.3510000000006 0
27 1385.3959999999997 0
28 1387.1729999999998 0
29 1598.775 0
30 1597.404 0
40 1723.101 0
60 2037.967 0
80 2184.8019999999997 0
100 2187.3440000000005 0
