1 798.0680000000002 0
2 798.6489999999999 0
3 799.4100000000003 0
4 798.594 0
5 808.5720000000001 0
6 798.6959999999999 0
7 798.8799999999997 0
8 798.9229999999998 0
9 799.4630000000002 0
10 799.5639999999999 0
11 810.6190000000001 0
12 1197.277 0
13 1237.3430000000003 0
14 1235.9470000000001 0
15 1258.8929999999996 0
16 1258.9809999999998 0
17 1280.138 0
18 1280.8690000000001 0
19 1302.929 0
20 1301.971 0
21 1322.3870000000002 0
22 1322.8019999999997 0
23 1343.6270000000004 0
24 1344.0230000000001 0
25 1365.2799999999997 0
26 1366.0789999999997 0
27 1385.4679999999998 0
28 1386.3649999999998 0
29 1597.5320000000002 0
30 1598.136 0
40 1720.9439999999995 0
60 2037.5990000000002 0
80 2191.5439999999994 0
100 3772.938 0.05649859381277622
