1 40.513000000000375 0
2 38.271000000000186 0
3 38.64399999999978 0
4 40.0619999999999 0
5 39.14900000000034 0
6 40.04499999999962 0
7 39.51200000000017 0
8 40.26000000000022 0
9 39.28500000000031 0
10 40.25999999999976 0
11 58.80699999999979 0
12 57.19100000000026 0
13 60.4369999999999 0
14 59.646999999999935 0
15 80.1510000000003 0
16 80.39699999999993 0
17 81.23399999999992 0
18 79.88299999999981 0
19 79.346 0
20 81.69799999999987 0
21 77.84999999999991 0
22 80.39100000000008 0
23 79.68899999999985 0
24 81.2829999999999 0
25 79.88099999999986 0
26 80.95100000000002 0
27 79.13000000000011 0
28 80.07799999999997 0
29 79.53200000000015 0
30 82.13000000000011 0
40 81.35600000000022 0
60 132.79599999999982 0
80 159.45399999999972 0
100 195.13799999999992 0
