1 40.26999999999998 0
2 38.48000000000002 0
3 39.016000000000076 0
4 39.222999999999956 0
5 40.07999999999993 0
6 39.94100000000026 0
7 39.141999999999825 0
8 39.48999999999978 0
9 39.36400000000003 0
10 40.35099999999966 0
11 57.98199999999997 0
12 57.521999999999935 0
13 61.021999999999935 0
14 60.39499999999998 0
15 125.11200000000008 0
16 76.5359999999996 0
17 76.23199999999997 0
18 80.93100000000004 0
19 103.4369999999999 0
20 77.63700000000017 0
21 80.61099999999988 0
22 80.096 0
23 80.41199999999981 0
24 79.92900000000009 0
25 81.31799999999976 0
26 80.23100000000022 0
27 81.46300000000019 0
28 78.54500000000007 0
29 78.99699999999984 0
30 81.07400000000007 0
40 96.73300000000017 0
60 157.65499999999975 0.04747035739904637
80 176.43600000000015 0
100 228.75 0.0290705186180521
