1 39.17000000000007 0
2 39.547000000000025 0
3 40.613000000000284 0
4 38.585000000000036 0
5 39.284999999999854 0
6 39.33100000000013 0
7 39.70100000000002 0
8 39.30600000000004 0
9 41.09400000000005 0
10 40.52300000000014 0
11 58.01099999999997 0
12 58.86299999999983 0
13 60.08199999999988 0
14 60.4369999999999 0
15 61.353999999999814 0
16 76.16399999999976 0
17 79.08100000000013 0
18 78.29799999999977 0
19 78.97299999999996 0
20 79.23399999999992 0
21 81.00800000000027 0
22 78.82400000000007 0
23 78.029 0
24 80.23000000000002 0
25 81.16200000000026 0
26 83.24699999999984 0
27 80.7460000000001 0
28 80.7180000000003 0
29 80.38400000000001 0
30 83.39199999999983 0
40 98.13999999999987 0
60 134.48000000000002 0
80 122.75900000000001 0
100 211.8810000000003 0
