1 39.18100000000004 0
2 39.177999999999884 0
3 40.33899999999994 0
4 40.76000000000022 0
5 42.05899999999974 0
6 44.759000000000015 0
7 45.84299999999985 0
8 45.32099999999991 0
9 46.91100000000006 0
10 45.634000000000015 0
11 59.151000000000295 0
12 59.45900000000029 0
13 59.615999999999985 0
14 60.76999999999998 0
15 62.182000000000244 0
16 63.59999999999991 0
17 65.11999999999989 0
18 68.11299999999983 0
19 78.31899999999996 0
20 77.56600000000026 0
21 76.55300000000034 0
22 81.9960000000001 0
23 79.07600000000002 0
24 82.08999999999969 0
25 83.11599999999999 0
26 83.80999999999995 0
27 85.10899999999992 0
28 87.73100000000022 0
29 98.40099999999984 0
30 88.32600000000002 0
40 107.75300000000016 0
60 160.93499999999995 0
80 192.79300000000012 0
100 250.25599999999986 0
