1 798.4190000000003 0
2 798.5889999999999 0
3 800.1639999999998 0
4 799.0060000000003 0
5 799.1309999999999 0
6 798.9479999999999 0
7 801.1130000000003 0
8 800.0839999999998 0
9 799.3009999999999 0
10 799.0729999999999 0
11 810.605 0
12 1198.6649999999995 0
13 1237.4499999999998 0
14 1237.6659999999997 0
15 1258.4240000000004 0
16 1259.482 0
17 1279.596 0
18 1280.0080000000003 0
19 1302.3899999999999 0
20 1300.6309999999999 0
21 1323.1399999999994 0
22 1321.9569999999999 0
23 1344.1529999999998 0
24 1343.7329999999997 0
25 1364.8639999999996 0
26 1363.6350000000007 0
27 1386.4649999999997 0
28 1390.6979999999994 0
29 1596.3249999999998 0
30 1598.5429999999997 0
40 1722.313 0
60 2034.8759999999997 0
80 2185.766 0
100 4367.1849999999995 0.0290705186180521
