1 798.6379999999999 0
2 801.9929999999999 0
3 799.9540000000002 0
4 800.3309999999997 0
5 799.2020000000002 0
6 799.0370000000003 0
7 799.1219999999998 0
8 799.2280000000001 0
9 799.2379999999998 0
10 799.2669999999998 0
11 809.7799999999997 0
12 1198.3640000000005 0
13 1236.8940000000002 0
14 1237.1239999999998 0
15 1259.1979999999999 0
16 1258.9109999999996 0
17 1280.08 0
18 1279.683 0
19 1301.3020000000006 0
20 1301.094 0
21 1320.9990000000003 0
22 1320.2610000000004 0
23 1343.399 0
24 1344.0119999999997 0
25 1365.5520000000001 0
26 1365.1730000000002 0
27 1387.1279999999997 0
28 1386.5210000000002 0
29 1598.5319999999997 0
30 1597.801 0
40 1723.029 0
60 2036.3989999999994 0
80 2185.889 0
100 2393.982 0
